CompSchool_CDS
19647336058317
19647336058036
19647336057889
19647330124495
19647330124503
19647330124511
19647330124487
19647331934454
19647331933118
19647331934371
19647330109447
19646341934231
19646341936046
19647331939305
19647336058028
19734376066732
19734376057566
19734376057590
19647330126573
19647331937424
19647330122374
19647330122382
19647330122341
19647330122358
19647330122366
19647331933381
19647336057962
19647336058143
19647336061444
19643521935048
19647336061527
19647336057921
19647330124453
19647336057855
19643521933951
19647336058044
19647331935519
19647331933241
19647331939040
19734371931963
19734371931567
19647336058127
19646346057749
19647336061394

